1540
1605
1662
1812
197A
2153
2157
215A
277A
2782
278A
2802
2809
285A
2914
2981
3653
366A
3778
3989
4043
4062
4187
4403
4440
4443
4502
4519
4543
4588
464A
4661
4667
485A
4880
4980
5016
5019
5020
5021
5032
5101
5108
5332
5401
558A
5631
5713
5801
5802
5803
581A
5834
593A
6098
6146
6165
6203
6208
6227
6268
6273
6324
6479
6501
6503
6506
6701
6762
6758
6834
6857
6861
6890
6920
6946
6954
6966
6976
6981
7011
7012
7013
7172
7203
7270
7371
7453
7475
7721
7974
8015
8031
8035
8058
8306
8316
8370
8411
8591
8729
8750
8766
9101
9107
9412
9432
9678
9824
9882
9983
9984
9989
